35,9,900,1500,plan
36,9,1600,1700,reserve
37,9,1700,1900,reserve
38,9,2000,2100,reserve
39,10,1100,1300,plan
40,10,1400,1500,reserve
41,10,1530,1730,reserve
42,10,1900,2000,reserve
43,11,900,1500,plan
44,11,1530,1800,reserve
45,12,2000,2100,reserve
46,12,1900,2000,reserve
47,13,1030,1130,reserve
48,13,1400,1600,reserve
49,14,900,1800,plan
50,15,900,1500,plan
51,16,900,1500,plan
52,17,1100,1300,plan
53,17,1830,2100,reserve
54,18,1800,2100,plan
56,20,1000,1300,reserve
58,20,1530,1830,reserve
59,21,1030,1130,reserve
61,22,1800,2100,reserve
62,18,900,1500,plan
63,14,1800,1900,reserve
64,22,900,1500,plan
65,23,900,1500,plan
68,13,1200,1300,reserve
69,15,1900,2000,reserve
70,16,1500,1700,reserve
71,16,1900,2000,reserve
72,17,1400,1400,reserve
73,18,1530,1800,reserve
74,19,1900,2100,reserve
76,22,1500,1700,reserve
77,24,1600,1700,reserve
78,25,1530,1800,reserve
79,25,2000,2100,reserve
80,26,1100,1200,reserve
81,27,900,1200,plan
85,30,900,1500,plan
88,19,1800,1900
89,19,2200,2300
90,20,2000,2200
91,21,1200,1300
92,21,2100,2300
93,23,1600,1700
94,23,1900,2000
95,23,2030,2300
97,24,2000,2100
98,25,1300,1400
99,25,1900,2000
100,26,1200,1300
101,26,1700,2300
102,27,1300,2300
103,28,900,2300
104,29,900,1900
105,29,2030,2130
106,24,1900,2000
107,30,1900,2000
108,30,2130,2230
109,31,1800,1900
110,31,1900,2000
111,31,2000,2100
120,29,1930,2030
126,24,900,1330
127,24,1700,1900
128,24,2100,2300
133,31,1100,1200
134,30,1730,1830
135,31,1330,1530
136,31,1530,1700
137,31,2100,2200
